   1000.00000000016        5.67814753554260     
   1999.99999999928        1.79593619486126     
   2999.99999999837        3.60621095126129     
   3999.99999999746        3.89084523879706     
   5000.00000000066        7.96392102181630     
   6000.00000000430        14.1541029009169     
   7000.00000000793        2.54458218925837     
   8000.00000001157        5.55559290009510     
   9000.00000001521        5.34766757913363     
   10000.0000000188        9.70099778566523     
   11000.0000000225        4.91301907392719     
   12000.0000000261       0.658182423244675     
   13000.0000000298       0.422996026746992     
   14000.0000000334        14.1888391387762     
   15000.0000000370       0.937675878712342     
   16000.0000000407        2.12396750239002     
   17000.0000000331        54.6046600657293     
   18000.0000000186        5.28672901179136     
   19000.0000000040        9.25925157211697     
   19999.9999999895        5.97844079579405     
   20999.9999999749        14.5921324347618     
   21999.9999999603       0.267264228291745     
   22999.9999999458        15.5128555424462     
   23999.9999999312       0.662271339633710     
   24999.9999999167        4.34301184511253     
   25999.9999999021        32.1862563497571     
   26999.9999998876        5.39619131315833     
   27999.9999998730        15.3126253586494     
   28999.9999998585        13.2682126457594     
   29999.9999998439        2.03902059007542     
   30999.9999998294       0.520657670677383     
   31999.9999998148        15.9448426602115     
   32999.9999998003        7.50443386932216     
   33999.9999997857        8.66933450723747     
   34999.9999997712        13.3666657607139     
   35999.9999997566        4.56560106011864     
   36999.9999997421        18.9173709104391     
   37999.9999997275        6.69290727860249     
   38999.9999997130        5.31709955252126     
   39999.9999996984        35.3993984087920     
   40999.9999996839        6.63425659031567     
   41999.9999996693        35.5441673416243     
   42999.9999996548        5.20702743916905     
   43999.9999996402        8.13292008451879     
   44999.9999996257        2.77221568746311     
   45999.9999996111        2.12882056946922     
   46999.9999995966       0.563702760996885     
   47999.9999995820        5.38235421408074     
   48999.9999995675        19.1667745033530     
   49999.9999995529        29.0472177514830     
   50999.9999995383        5.29146862538857     
   51999.9999995238        12.9429567793849     
   52999.9999995092        10.3661359452931     
   53999.9999994947        2.28630566890665     
   54999.9999994801        15.5393017984260     
   55999.9999994656        10.2323366658870     
   56999.9999994510        7.78775881355465     
   57999.9999994365        13.0309282962017     
   58999.9999994219        45.7754316882666     
   59999.9999994074        2.06752123118300     
   60999.9999993928        1.58999043201100     
   61999.9999993783        13.7547457581501     
   62999.9999993637        5.30637613452888     
   63999.9999993492       0.269629719133958     
   64999.9999993346       0.772374142967501     
   65999.9999993538        23.5056581324602     
   66999.9999994120        10.1134284102222     
   67999.9999994702       0.823788108080714     
   68999.9999995284        7.87109823235084     
   69999.9999995867        1.46938952058546     
   70999.9999996449        14.1110665219638     
   71999.9999997031        23.6646500110538     
   72999.9999997613        4.23250983096917     
   73999.9999998195        8.62463158867793     
   74999.9999998777        12.5081767195993     
   75999.9999999359        4.68579755695680     
   76999.9999999941        13.1100738971548     
   78000.0000000523        3.86987800940237     
   79000.0000001105        29.3539948231481     
   80000.0000001687        12.8272721478735     
   81000.0000002269        3.27243701197397     
   82000.0000002851        1.11318250736629     
   83000.0000003434        13.5083859669733     
   84000.0000004016        2.04388488370025     
   85000.0000004598        6.56987890745312     
   86000.0000005180        1.75860203759234     
   87000.0000005762        8.51403759517953     
   88000.0000006344        14.6557432449062     
   89000.0000006926       0.917583483081105     
   90000.0000007508       1.680612772638432E-002
   91000.0000008090        35.6971597026665     
   92000.0000008672        65.1628819340421     
   93000.0000009254        1.76495216585994     
   94000.0000009836       0.452159082873134     
   95000.0000010418        10.8520774150864     
   96000.0000011001        50.5976625711738     
   97000.0000011583        9.69860105551445     
   98000.0000012165        32.7578030638005     
   99000.0000012747        13.3601600235657     
   100000.000001333        6.39114140458526     
   101000.000001391        29.9506543422652     
   102000.000001449        11.5838028034517     
   103000.000001508        6.30383331626244     
   104000.000001566        4.24881625349146     
   105000.000001624        13.1835706150565     
   106000.000001682        19.3508284824136     
   107000.000001740        37.1721080856094     
   108000.000001799        2.96411447905520     
   109000.000001857        6.81522992467983     
   110000.000001915        3.23858512306694     
   111000.000001973        15.1727264476262     
   112000.000002031        23.0441124249033     
   113000.000002090        15.2383088987553     
   114000.000002148        4.57864519345499     
   115000.000002206        14.9444228717338     
   116000.000002264       0.671887494759210     
   117000.000002322        1.66153173133017     
   118000.000002381        10.0955989447179     
   119000.000002439        32.4988196982055     
   120000.000002497        14.0402704425463     
   121000.000002555        14.9633255594373     
   122000.000002613        3.77517137737379     
   123000.000002672       0.230894304753658     
   124000.000002730        9.64268106638034     
   125000.000002788        22.8207087878221     
   126000.000002846       0.867976787145765     
   127000.000002904        56.2657269929249     
   128000.000002963        4.53427853947351     
   129000.000003021        2.98187732862056     
   130000.000003079        8.03395868534715     
   131000.000003137        12.3229407535303     
   132000.000003196        4.43514403654099     
   133000.000003254        19.6420358209311     
   134000.000003312        1.35626246328257     
   135000.000003370        3.51076316484281     
   136000.000003428        23.3748539865901     
   137000.000003487        6.76051233714594     
   138000.000003545        19.0296036910928     
   139000.000003603        22.2669916397684     
   140000.000003661        6.74354158859227     
   141000.000003719        1.33269169783324     
   142000.000003778        24.3045637960225     
   143000.000003836        31.3582868907141     
   144000.000003894        3.95372795554889     
   145000.000003952        41.4064807316237     
   146000.000004010       0.758386148733920     
   147000.000004069        28.8537795907812     
   148000.000004127        12.0313308340535     
   149000.000004185        3.14214367288118     
   150000.000004243        12.4547593319034     
   151000.000004301        21.5468524791941     
   152000.000004360        9.15441536564148     
   153000.000004418        9.02771758958478     
   154000.000004476       0.256895153398736     
   155000.000004534        8.75175938584481     
   156000.000004592        5.75163893829446     
   157000.000004651        1.07098670360786     
   158000.000004709        17.0843481320578     
   159000.000004767        5.30542739766195     
   160000.000004825        2.57768661925129     
   161000.000004884        4.37496753804628     
   162000.000004942        10.4045004597211     
   163000.000005000       0.190565073237963     
   164000.000005058        12.5696972789827     
   165000.000005116        8.75302043647762     
   166000.000005175        6.73118021580075     
   167000.000005233        2.25171304144577     
   168000.000005291       0.734295716231447     
   169000.000005349        1.77912654444383     
   170000.000005407        5.94933597801428     
   171000.000005466        3.74068645237660     
   172000.000005524       0.547871988115442     
   173000.000005582        7.50119452391419     
   174000.000005640        12.0497696642468     
   175000.000005698        13.6359493670872     
   176000.000005757        4.26534322114055     
   177000.000005815        2.86225586504374     
   178000.000005873        2.54065778723702     
   179000.000005931        11.1276371222774     
   180000.000005989        14.0699247459633     
   181000.000006048        9.52926574895422     
   182000.000006106        1.70233533824865     
   183000.000006164        2.48003844872330     
   184000.000006222        4.72220637312801     
   185000.000006281        12.8543980987218     
   186000.000006339        4.38184450130222     
   187000.000006397        3.72344081829400     
   188000.000006455        11.7384017100411     
   189000.000006513        15.9986583151249     
   190000.000006572        1.94810179027312     
   191000.000006630        8.64967122349863     
   192000.000006688        2.30246679445310     
   193000.000006746        9.93478635036126     
   194000.000006804        1.13514277903642     
   195000.000006863        36.7287277060465     
   196000.000006921        10.6649463597444     
   197000.000006979       0.195335306292843     
   198000.000007037       0.724085048876164     
   199000.000007095       0.123876409550264     
   200000.000007154        15.9972088827015     
   201000.000007212        1.86221742235945     
   202000.000007270       0.271438825386705     
   203000.000007328        13.9776731707268     
   204000.000007386        36.1638379528554     
   205000.000007445        6.86573531586899     
   206000.000007503        17.0538225519625     
   207000.000007561        3.33487166062155     
   208000.000007619        25.8833272561494     
   209000.000007678        20.6640592824559     
   210000.000007736        14.6222614591825     
   211000.000007794        9.57125106410303     
   212000.000007852        8.53692064223080     
   213000.000007910        9.22557124977240     
   214000.000007969        14.6637747927183     
   215000.000008027        7.41997264028560     
   216000.000008085        13.3091337705750     
   217000.000008143        4.79268807934812     
   218000.000008201        2.84688687239486     
   219000.000008260        1.93712767341670     
   220000.000008318        9.61751605922859     
   221000.000008376        33.1692984175108     
   222000.000008434        16.5547162640523     
   223000.000008492        16.1932606834361     
   224000.000008551        10.6412633129650     
   225000.000008609        6.45750091964284     
   226000.000008667        4.36609407203385     
   227000.000008725        1.00006907579068     
   228000.000008783        8.61048203838207     
   229000.000008842        3.30994656114652     
   230000.000008900        10.3490308404092     
   231000.000008958        19.2565657785100     
   232000.000009016        7.13007809675090     
   233000.000009074        23.9423740302488     
   234000.000009133        3.32950583320462     
   235000.000009191        6.99392560814830     
   236000.000009249        22.3875259858384     
   237000.000009307       0.641511694494299     
   238000.000009366       0.806517213269631     
   239000.000009424        9.87498186813258     
   240000.000009482        4.56198966748753     
   241000.000009540        40.9717445206052     
   242000.000009598        15.7866788320048     
   243000.000009657        11.9328514029068     
   244000.000009715        2.83404945081587     
   245000.000009773        1.87938358897914     
   246000.000009831        5.09519864988997     
   247000.000009889        39.6354849986407     
   248000.000009948        1.94366665005528     
   249000.000010006       0.854644055792457     
   250000.000010064        4.18204268215469     
   251000.000010122        8.84722614895163     
   252000.000010180        4.93452363676382     
   253000.000010239        1.04973899482046     
   254000.000010297        2.48091530336055     
   255000.000010355        8.00617358775082     
   256000.000010413        7.84133081433547     
   257000.000010471        5.43593353894150     
   258000.000010530        5.00863262232122     
   259000.000010588        1.60748700417277     
   260000.000010646        2.61982561650512     
   261000.000010704        2.22833592113018     
   262000.000010763        6.30690405617210     
   263000.000010572        14.0085731358049     
   264000.000010339        18.9408400289793     
   265000.000010106        6.72608341416829     
   266000.000009873        12.6669939738205     
   267000.000009640        5.88452480286663     
   268000.000009407        15.0268860016227     
   269000.000009175        17.3569993406336     
   270000.000008942        1.05221566453853     
   271000.000008709        11.9760523090317     
   272000.000008476        7.71359404008096     
   273000.000008243        2.98214432130000     
   274000.000008010        9.70834758793457     
   275000.000007778        52.8955827873761     
   276000.000007545        1.66725664698975     
   277000.000007312        4.45272096779237     
   278000.000007079        23.3304264794172     
   279000.000006846        2.92124589534047     
   280000.000006613        17.0724735334955     
   281000.000006381       0.862318889801018     
   282000.000006148        24.3744989070143     
   283000.000005915        27.8428835839958     
   284000.000005682        1.54279319764282     
   285000.000005449        18.2049798491212     
   286000.000005216        6.65678719984496     
   287000.000004984        14.9072791327434     
   288000.000004751        1.07506709558366     
   289000.000004518        11.6379706377546     
   290000.000004285        11.7971214803219     
   291000.000004052        8.37714171474298     
   292000.000003819       0.625396107762508     
   293000.000003587        22.6393516998323     
   294000.000003354        22.8509634822225     
   295000.000003121        29.1913928176995     
   296000.000002888        18.4889830315055     
   297000.000002655        21.6752103818386     
   298000.000002422        42.8769648082843     
   299000.000002190        7.95956037066461     
   300000.000001957        24.0833811447944     
   301000.000001724        23.5810386165632     
   302000.000001491        22.6918222327791     
   303000.000001258        10.1499161926372     
   304000.000001026        19.2498422219690     
   305000.000000793        3.68300966154856     
   306000.000000560        3.74351103402143     
   307000.000000327        19.6712659036026     
   308000.000000094        14.0769925970492     
   308999.999999861        8.27997903168743     
   309999.999999629        3.95862118980414     
   310999.999999396        7.06927857539970     
   311999.999999163        1.12460024274929     
   312999.999998930       0.329940446039149     
   313999.999998697       0.819717208234064     
   314999.999998464        11.5711100731219     
   315999.999998232        22.0603196613386     
   316999.999997999        16.2962607012909     
   317999.999997766        12.2192844250028     
   318999.999997533        5.78023411933740     
   319999.999997300        14.0167666167516     
   320999.999997067        8.37294853638443     
   321999.999996835        2.53042429716153     
   322999.999996602        3.65815554238998     
   323999.999996369        4.40940616652864     
   324999.999996136        11.5573664627979     
   325999.999995903        18.0368117770519     
   326999.999995670        19.8633641529118     
   327999.999995438       0.595956679724649     
   328999.999995205        2.40976706473911     
   329999.999994972        2.52521744524051     
   330999.999994739        45.8852044215532     
   331999.999994506        5.13507318413278     
   332999.999994273        9.90520817459921     
   333999.999994041        18.0166452885904     
   334999.999993808        2.87250322509411     
   335999.999993575        8.68666326267323     
   336999.999993342        17.5702731969735     
   337999.999993109        4.53429331374628     
   338999.999992876       0.575540022663560     
   339999.999992644        5.13533221449867     
   340999.999992411        10.7830133882115     
   341999.999992178        11.2819419000309     
   342999.999991945        19.5384653440401     
   343999.999991712        7.11970131874410     
   344999.999991479        6.33325408258548     
   345999.999991247        13.6872439372849     
   346999.999991014        11.1184658867411     
   347999.999990781        9.98349385326272     
   348999.999990548        12.4515854395430     
   349999.999990315        11.4626364899107     
   350999.999990082        3.17072168679205     
   351999.999989850        5.66382530303221     
   352999.999989617        1.88446421755300     
   353999.999989384        2.70766963232739     
   354999.999989151        2.63591057189017     
   355999.999988918        27.0521064692983     
   356999.999988685        5.87310916713406     
   357999.999988453        9.49222902763344     
   358999.999988220       0.354957570798975     
   359999.999987987        2.88546476466518     
   360999.999987754        5.14006764272830     
   361999.999987521        20.3510338969506     
   362999.999987288        12.5166967635639     
   363999.999987056        8.01909437239797     
   364999.999986823        20.2334616327866     
   365999.999986590        6.36938244964158     
   366999.999986357        9.60012579295252     
   367999.999986124        4.54472753538832     
   368999.999985892       0.662105716624390     
   369999.999985659        7.01026392118869     
   370999.999985426       0.128397462495242     
   371999.999985193        9.55679488789814     
   372999.999984960        13.3199278705517     
   373999.999984727        1.59465783501673     
   374999.999984495        9.83392678800984     
   375999.999984262        2.15477711474166     
   376999.999984029        12.3457615863054     
   377999.999983796       0.226120511021227     
   378999.999983563        6.70538137812032     
   379999.999983330        14.7362604558899     
   380999.999983098        5.82600996504565     
   381999.999982865        2.65065029725073     
   382999.999982632        21.6774303555307     
   383999.999982399        18.1831880382449     
   384999.999982166        4.84401999179596     
   385999.999981933        19.2736330147673     
   386999.999981701       0.636697336717524     
   387999.999981468        7.99860490567756     
   388999.999981235        14.5754147384140     
   389999.999981002        19.3015467079288     
   390999.999980769        20.7935342772113     
   391999.999980536        1.13383512759707     
   392999.999980304       0.337284839366698     
   393999.999980071        12.7409679333493     
   394999.999979838        10.7460769958448     
   395999.999979605        2.79885764461980     
   396999.999979372        11.3600998293203     
   397999.999979139        5.38829997918835     
   398999.999978907        16.9404776989926     
   399999.999978674        18.0294865094608     
   400999.999978441       0.752545876055128     
   401999.999978208       0.743555400397001     
   402999.999977975        1.18581877118408     
   403999.999977742        2.25818540214148     
   404999.999977510        10.0592249140596     
   405999.999977277        15.4372947306977     
   406999.999977044        12.2747837189777     
   407999.999976811        5.09857134555477     
   408999.999976578        5.61338523075381     
   409999.999976345        14.0782519010408     
   410999.999976113        5.07145970288916     
   411999.999975880        7.93184378526504     
   412999.999975647        16.8909722055969     
   413999.999975414        7.24734318312323     
   414999.999975181        9.80233272914967     
   415999.999974948        1.73866131049248     
   416999.999974716        7.74897600450053     
   417999.999974483        2.39770417530911     
   418999.999974250        6.13819785699374     
   419999.999974017        16.2717714183774     
   420999.999973784        31.1854740040677     
   421999.999973551        14.2200373269274     
   422999.999973319        2.31717710996930     
   423999.999973086        16.0846696460630     
   424999.999972853        12.2399928978944     
   425999.999972620        1.83466017408507     
   426999.999972387        17.3593487495007     
   427999.999972155        8.50395685579829     
   428999.999971922        8.53977289595282     
   429999.999971689        11.4301669114520     
   430999.999971456        26.9507757478208     
   431999.999971223        4.65693781319319     
   432999.999970990        7.88509596598188     
   433999.999970758        42.8302508485996     
   434999.999970525        3.67312032287699     
   435999.999970292        2.53212616778581     
   436999.999970059        8.87824734358632     
   437999.999969826        18.6293541700640     
   438999.999969593        13.9760209531579     
   439999.999969361        26.4307357642706     
   440999.999969128        10.7611933061049     
   441999.999968895        12.5639394965061     
   442999.999968662        16.1333009300247     
   443999.999968429        4.28329527750940     
   444999.999968196        15.3329778531570     
   445999.999967964        19.9687947286108     
   446999.999967731        2.14411380338756     
   447999.999967498        8.22671707614607     
   448999.999967265        1.10478123526444     
   449999.999967032        13.6563284487917     
   450999.999966799        6.90833578847172     
   451999.999966567        7.05955921854795     
   452999.999966334        19.6556392071937     
   453999.999966101        7.34720708875067     
   454999.999965868        1.95442848460845     
   455999.999965635        20.8349377238707     
   456999.999965402        8.70361859278019     
   457999.999965170        18.0468167109490     
   458999.999964937        20.3956840799615     
   459999.999964704        7.54532924218756     
   460999.999964471       0.138197525696545     
   461999.999964238        6.17811178803164     
   462999.999964005        2.27667202434179     
   463999.999963773        14.7853507156235     
   464999.999963540        8.72673326606729     
   465999.999963307        9.93007225932730     
   466999.999963074        4.72855220431664     
   467999.999962841        9.49056996225767     
   468999.999962608        7.34104948367251     
   469999.999962376        5.86718552734766     
   470999.999962143        12.6321799636754     
   471999.999961910        3.64591950845364     
   472999.999961677        23.0343111949251     
   473999.999961444       0.990178652025291     
   474999.999961211        10.0883123399785     
   475999.999960979        1.64858618589161     
   476999.999960746        1.51749196291943     
   477999.999960513        47.8122167473572     
   478999.999960280        21.5944495883457     
   479999.999960047        4.68428757613283     
   480999.999959814        17.0284146872767     
   481999.999959582        3.62885051682714     
   482999.999959349        9.78538298438431     
   483999.999959116        3.57982288264104     
   484999.999958883        2.66331958393213     
   485999.999958650        27.1752394224413     
   486999.999958417        11.6808166961365     
   487999.999958185        31.7246214743708     
   488999.999957952        3.48477808102226     
   489999.999957719       0.804730067759922     
   490999.999957486        4.16452671808243     
   491999.999957253        2.06344804490287     
   492999.999957021        1.33474429305823     
   493999.999956788        17.9987776337997     
   494999.999956555        2.55500341645945     
   495999.999956322       0.322699598687242     
   496999.999956089        6.87581744572929     
   497999.999955856        9.67863219901882     
   498999.999955624        42.1697501796490     
   499999.999955391        4.08968951769179     
   500999.999955158        5.75146272445167     
   501999.999954925        3.22170266447619     
   502999.999954692        3.23821916776458     
   503999.999954459        5.96275761294884     
   504999.999954227        3.49502079910126     
   505999.999953994        4.42102207077697     
   506999.999953761       8.097384376749277E-002
   507999.999953528        57.5246353240981     
   508999.999953295        1.70297455971889     
   509999.999953062        13.1684913551738     
   510999.999952830        17.7625093468695     
   511999.999952597        12.3637801446870     
   512999.999952364       0.366227720371525     
   513999.999952131        15.2319987504552     
   514999.999951898        6.78676856684193     
   515999.999951665        20.8493121483728     
   516999.999951433        9.02553138001935     
   517999.999951200        5.00154026046605     
   518999.999950967        7.78976988450898     
   519999.999950734        7.24986071874011     
   520999.999950501        20.7556339604221     
   521999.999950268        10.8234842410459     
   522999.999950036        7.95166795971987     
   523999.999949803        28.6788637330560     
   524999.999949570        8.56371730572395     
   525999.999949337        14.7137053596394     
   526999.999949104        5.44011381174609     
   527999.999948871        13.2159803092220     
   528999.999948639        14.6448741975778     
   529999.999948406        5.10760091808554     
   530999.999948173        1.46277308349963     
   531999.999947940        28.0481338521335     
   532999.999947707        3.61822523592213     
   533999.999947474        40.1580177993280     
   534999.999947242        12.6194280588991     
   535999.999947009        3.17554286604891     
   536999.999946776        10.0129247915315     
   537999.999946543        4.96561057501577     
   538999.999946310        7.60932863529514     
   539999.999946077        7.71621952388796     
   540999.999945845        3.89473024265715     
   541999.999945612        9.31212590728754     
   542999.999945379        3.06732585424682     
   543999.999945146        3.73192286943260     
   544999.999944913        41.0558399920523     
   545999.999944680        27.4648935453171     
   546999.999944448        35.9977165814733     
   547999.999944215        2.40627101568685     
   548999.999943982        31.4034460151118     
   549999.999943749        8.83769507227114     
   550999.999943516        13.6057456596688     
   551999.999943284       0.249197924314511     
   552999.999943051        11.2449589812443     
   553999.999942818        47.7301220011158     
   554999.999942585        20.8096421572406     
   555999.999942352        16.6854614333338     
   556999.999942119        68.5870719052977     
   557999.999941887        11.5491592296323     
   558999.999941654        28.1560490637297     
   559999.999941421        2.55784099630351     
   560999.999941188        15.7640641584661     
   561999.999940955        6.33551704129744     
   562999.999940722        21.7757438973741     
   563999.999940490        12.8092014920819     
   564999.999940257        59.5925616402389     
   565999.999940024        6.31720862603333     
   566999.999939791        23.4220913962727     
   567999.999939558        5.62720252248258     
   568999.999939325        2.57034109435938     
   569999.999939093        27.3706813248066     
   570999.999938860        28.3308056014730     
   571999.999938627        21.7269621653927     
   572999.999938394        2.74015186516817     
   573999.999938161       0.639672847661637     
   574999.999937928       0.325294489493508     
   575999.999937696        3.33624791869625     
   576999.999937463        9.70055228770200     
   577999.999937230        3.71865881047730     
   578999.999936997        19.9141977534140     
   579999.999936764        15.4854163461758     
   580999.999936531        3.46094932116144     
   581999.999936299        11.1987772329481     
   582999.999936066        9.69494057761658     
   583999.999935833       0.177569030667400     
   584999.999935600        10.7763740644240     
   585999.999935367        5.68181332800195     
   586999.999935134       0.564813296723761     
   587999.999934902        6.36342185684400     
   588999.999934669        5.29867740573501     
   589999.999934436       0.784942743648687     
   590999.999934203        28.7997908519744     
   591999.999933970        17.0814323904088     
   592999.999933737        3.28325000662805     
   593999.999933505        15.6016180172350     
   594999.999933272        6.00948135727968     
   595999.999933039        2.48249392585748     
   596999.999932806        4.75085672495543     
   597999.999932573        12.2970560192721     
   598999.999932340        12.4765121850116     
   599999.999932108        5.31210806922703     
   600999.999931875        24.9565009770441     
   601999.999931642        1.35603474318315     
   602999.999931409        3.39899510420668     
   603999.999931176        16.0955580558223     
   604999.999930943        7.33896558187891     
   605999.999930711        2.02767855729819     
   606999.999930478       0.537971264260399     
   607999.999930245        1.26323038405226     
   608999.999930012        2.92250134288398     
   609999.999929779        13.5979177833465     
   610999.999929546        8.03861990980879     
   611999.999929314        9.25009846148524     
   612999.999929081        4.81801099663850     
   613999.999928848        36.7120667745738     
   614999.999928615        6.59288319469993     
   615999.999928382        21.5960949227620     
   616999.999928150        6.54851222707772     
   617999.999927917        7.41461096018277     
   618999.999927684        20.5421597218487     
   619999.999927451        3.19618458366936     
   620999.999927218        4.63241538495532     
   621999.999926985        32.9018839071673     
   622999.999926753        3.29120439045217     
   623999.999926520        5.86638012638339     
   624999.999926287        28.1782307129493     
   625999.999926054        9.58232395909028     
   626999.999925821        17.1776051170519     
   627999.999925588        16.5421309250832     
   628999.999925356        8.04927783681388     
   629999.999925123        1.16684552905571     
   630999.999924890        22.5322920558527     
   631999.999924657       0.412693324630584     
   632999.999924424        17.5407208454165     
   633999.999924191        8.29691170336274     
   634999.999923959        7.01054143064742     
   635999.999923726        3.34611004012702     
   636999.999923493        13.5743733087121     
   637999.999923260        12.4817418022213     
   638999.999923027        7.05473903570460     
   639999.999922794       0.129212052632250     
   640999.999922562        1.30569155042892     
   641999.999922329        9.03907918071070     
   642999.999922096        15.8722624312054     
   643999.999921863        4.11393583285889     
   644999.999921630        12.5262375408016     
   645999.999921397        2.24496395511972     
   646999.999921165        2.39284123409538     
   647999.999920932        21.1589460959555     
   648999.999920699        12.1513239040658     
   649999.999920466        17.1178216559580     
   650999.999920233        21.5597256650274     
   651999.999920000        19.4766490160182     
   652999.999919768        3.02458390143333     
   653999.999919535        18.6327425618371     
   654999.999919302        2.51720413650361     
   655999.999919069       0.508390523444150     
   656999.999918836        6.54988137819125     
   657999.999918603        3.77496965859862     
   658999.999918371        38.1251316182088     
   659999.999918138        24.3996456233879     
   660999.999917905       0.969211437954773     
   661999.999917672        14.5630376385039     
   662999.999917439        5.82734026528361     
   663999.999917206        2.04613068669141     
   664999.999916974       3.747619077660566E-002
   665999.999916741        24.5471578658987     
   666999.999916508        18.9430658595731     
   667999.999916275        21.7559136028399     
   668999.999916042        57.9589525888650     
   669999.999915809        27.2680114778269     
   670999.999915577        62.9924703705475     
   671999.999915344        15.3556742019906     
   672999.999915111        16.2037497082582     
   673999.999914878        8.06420164405473     
   674999.999914645        5.16234008311245     
   675999.999914413        2.04067567229946     
   676999.999914180        3.27506345658762     
   677999.999913947        48.0215319965307     
   678999.999913714        23.1015908716817     
   679999.999913481        19.0113133842470     
   680999.999913248        10.0324251962594     
   681999.999913016        20.6022451336171     
   682999.999912783        12.4511195278525     
   683999.999912550        3.42036599011035     
   684999.999912317        1.84205407981900     
   685999.999912084        17.7619725576511     
   686999.999911851        34.8606193875326     
   687999.999911619        17.1444577831133     
   688999.999911386        4.61546427204887     
   689999.999911153        4.33951664737049     
   690999.999910920        7.02239774609284     
   691999.999910687        47.8229852325085     
   692999.999910454        16.0203348269729     
   693999.999910222        15.3326971308261     
   694999.999909989        1.75561772734589     
   695999.999909756        1.42897374496046     
   696999.999909523        1.09002252196819     
   697999.999909290        16.3573110668861     
   698999.999909057        31.9800302735657     
   699999.999908825        37.8610355490896     
   700999.999908592        3.16129519095146     
   701999.999908359        9.24457590484877     
   702999.999908126        5.15717145803709     
   703999.999907893        6.35337710125247     
   704999.999907660        15.7895478675616     
   705999.999907428        7.67310982413793     
   706999.999907195       0.728144148781795     
   707999.999906962        13.7242757867506     
   708999.999906729        19.6079785608316     
   709999.999906496        5.60827865063279     
   710999.999906263        13.7665259869651     
   711999.999906031       0.687118040454125     
   712999.999905798        4.42884122341724     
   713999.999905565        4.85302932428500     
   714999.999905332       0.309331643323285     
   715999.999905099        16.0963637794051     
   716999.999904866        3.51924830888444     
   717999.999904634       0.743229705339075     
   718999.999904401        13.1103673447459     
   719999.999904168        17.4884614062615     
   720999.999903935        10.5048427436555     
   721999.999903702        9.24465500640958     
   722999.999903469        1.25119137483288     
   723999.999903237        5.19291187066834     
   724999.999903004        9.70280963879967     
   725999.999902771       0.989853251242476     
   726999.999902538        2.24365226030875     
   727999.999902305        70.0921003131090     
   728999.999902072        30.9829924815567     
   729999.999901840        12.5596830792520     
   730999.999901607        39.5575349431352     
   731999.999901374        3.46543510172215     
   732999.999901141        4.42581290673939     
   733999.999900908        18.6247577645198     
   734999.999900675        9.12547794810320     
   735999.999900443        1.68564390050271     
   736999.999900210        17.9042649201950     
   737999.999899977        8.28933899863204     
   738999.999899744        3.33530831360289     
   739999.999899511        42.8236940235101     
   740999.999899279        11.4831989370422     
   741999.999899046        3.90303184764680     
   742999.999898813        5.32444577061992     
   743999.999898580        18.5047958359164     
   744999.999898347        10.2597357787593     
   745999.999898114       0.872523825822296     
   746999.999897882        29.0692177246893     
   747999.999897649        25.3480890273340     
   748999.999897416        16.9805785428001     
   749999.999897183        18.4072038394479     
   750999.999896950        1.86031887454638     
   751999.999896717        5.43299416411807     
   752999.999896485        18.6500118832748     
   753999.999896252        1.66222561630849     
   754999.999896019        11.2875458800234     
   755999.999895786        6.09124168113852     
   756999.999895553        3.09346876965453     
   757999.999895320        8.45205917832880     
   758999.999895088        2.92923399902760     
   759999.999894855        7.75892358545811     
   760999.999894622        8.16335619860437     
   761999.999894389        25.2286804669387     
   762999.999894156        12.2616035098703     
   763999.999893923        3.33014156552212     
   764999.999893691        9.89342375417227     
   765999.999893458        9.47839340212693     
   766999.999893225        19.6107077115505     
   767999.999892992        10.1779714867301     
   768999.999892759        13.4932339885338     
   769999.999892526        19.5529769125157     
   770999.999892294        3.62248343218554     
   771999.999892061        7.50355668376613     
   772999.999891828        29.0739030213753     
   773999.999891595        8.96611472482677     
   774999.999891362       0.164220119534927     
   775999.999891129        14.0725336168077     
   776999.999890897        28.7243990178398     
   777999.999890664        14.0596073304922     
   778999.999890431        22.1465720272560     
   779999.999890198        8.79382727332070     
   780999.999889965        18.9351104213426     
   781999.999889732        10.5795128337064     
   782999.999889500        6.99808753676912     
   783999.999889267       0.348972749756142     
   784999.999889034        9.01276254321129     
   785999.999888801        11.1043381158580     
   786999.999888568        1.06905593818468     
   787999.999888335       1.958044251565198E-002
   788999.999888103        3.17519196956560     
   789999.999887870        4.78536732689635     
   790999.999887637        2.57170716610553     
   791999.999887404        11.8287519521810     
   792999.999887171        2.89438456857497     
   793999.999886938        1.42053459402536     
   794999.999886706        21.4593996290540     
   795999.999886473        29.0380529869630     
   796999.999886240        10.9865809383594     
   797999.999886007        5.26953437191172     
   798999.999885774        1.83008691606995     
   799999.999885542        14.9610950488493     
   800999.999885309        21.7762725016419     
   801999.999885076        17.5190882040295     
   802999.999884843        36.4887655794307     
   803999.999884610        1.08146847560106     
   804999.999884377        9.17993499856260     
   805999.999884145        14.2679590905383     
   806999.999883912        7.26123905465818     
   807999.999883679        6.26875027936665     
   808999.999883446        18.9357182938094     
   809999.999883213        13.6675600583769     
   810999.999882980        4.10514441145631     
   811999.999882748        5.12031299944311     
   812999.999882515        11.4839609550568     
   813999.999882282        6.35040601640201     
   814999.999882049        21.5207863793676     
   815999.999881816        6.32306588784398     
   816999.999881583        3.64227037860514     
   817999.999881351       6.671050898967978E-002
   818999.999881118        11.2212970953516     
   819999.999880885        5.27308694888468     
   820999.999880652        3.47394003036236     
   821999.999880419        11.3917111377301     
   822999.999880186       0.208646467523482     
   823999.999879954        1.38517870335840     
   824999.999879721        5.08889653455869     
   825999.999879488        1.59021268008598     
   826999.999879255        2.16987036767213     
   827999.999879022        3.79505466251576     
   828999.999878789        15.7080092965676     
   829999.999878557        9.34684806829480     
   830999.999878324       0.510888998045175     
   831999.999878091        11.1389529259774     
   832999.999877858        6.52286923919432     
   833999.999877625        2.09215617996134     
   834999.999877392        6.33551433806761     
   835999.999877160        3.89616147618490     
   836999.999876927        24.7171808858654     
   837999.999876694        7.06659282292978     
   838999.999876461        9.07696487327929     
   839999.999876228       0.166250410824747     
   840999.999875995       0.359728770036120     
   841999.999875763        5.07563010985799     
   842999.999875530        19.8292382524534     
   843999.999875297        7.68061914217500     
   844999.999875064        11.1117410334049     
   845999.999874831        9.56756116944022     
   846999.999874598        2.11527881000639     
   847999.999874366       0.201205578298883     
   848999.999874133        11.5132356017168     
   849999.999873900        9.25628403669382     
   850999.999873667        8.97343671558388     
   851999.999873434        11.9420448388720     
   852999.999873201        36.4202472451367     
   853999.999872969        5.07475698315131     
   854999.999872736        1.34801374070042     
   855999.999872503        15.3452582008916     
   856999.999872270        4.05274886446311     
   857999.999872037        31.9259210525125     
   858999.999871804        7.81514940231255     
   859999.999871572        15.0315743398787     
   860999.999871339        16.6898126788748     
   861999.999871106        2.35393244938669     
   862999.999870873        5.97905442450364     
   863999.999870640        15.1918286953300     
   864999.999870408        4.27719964610882     
   865999.999870175        1.28159479133892     
   866999.999869942        9.30021510920335     
   867999.999869709        3.63273946807616     
   868999.999869476        17.7835894888147     
   869999.999869243        69.3285851380089     
   870999.999869011        35.1325859604215     
   871999.999868778        24.8020256663838     
   872999.999868545       0.571907360567116     
   873999.999868312        21.9847595223821     
   874999.999868079        17.4656306554387     
   875999.999867846        7.70931618305622     
   876999.999867614        5.74594389078527     
   877999.999867381        50.3800947280203     
   878999.999867148        6.56774288626518     
   879999.999866915        12.9608790238908     
   880999.999866682        6.79489575237284     
   881999.999866449        30.8922713736026     
   882999.999866217        1.27280101586506     
   883999.999865984        4.61184981503125     
   884999.999865751        3.81914238411179     
   885999.999865518        6.76309085628696     
   886999.999865285        2.55992536648297     
   887999.999865052        24.9696152689013     
   888999.999864820        13.3228800493018     
   889999.999864587        10.0660713242638     
   890999.999864354        3.10803748017005     
   891999.999864121        11.2244593360924     
   892999.999863888        3.75024827819614     
   893999.999863655        5.43567606606997     
   894999.999863423       0.235041349921173     
   895999.999863190        5.29474777294441     
   896999.999862957        12.5418494791319     
   897999.999862724        7.73482122297679     
   898999.999862491        45.9356584933027     
   899999.999862258        9.97256192715118     
   900999.999862026        10.9934835030850     
   901999.999861793        30.5500693825859     
   902999.999861560        11.9542028788015     
   903999.999861327        11.1612877328017     
   904999.999861094        20.7825093942602     
   905999.999860861       0.873120336761385     
   906999.999860629        11.7685568054675     
   907999.999860396        16.3461559971036     
   908999.999860163        3.55638290238643     
   909999.999859930        9.54182486450205     
   910999.999859697        17.6274081034868     
   911999.999859464        1.61757711909811     
   912999.999859232        17.5555426897057     
   913999.999858999        1.21806512737744     
   914999.999858766        6.21085376238236     
   915999.999858533        4.15528633517925     
   916999.999858300       0.423963480124490     
   917999.999858067        15.6474120547833     
   918999.999857835       0.922505372728107     
   919999.999857602        35.2865970030464     
   920999.999857369        4.72320026925881     
   921999.999857136        10.6444673150248     
   922999.999856903        4.56780640088236     
   923999.999856671        4.37033030364412     
   924999.999856438       8.004539166605530E-002
   925999.999856205        4.06789555955082     
   926999.999855972        5.17993136312179     
   927999.999855739        3.67983120134294     
   928999.999855506        1.76739163612933     
   929999.999855274        27.6402826799766     
   930999.999855041        9.12317306860204     
   931999.999854808        28.4418053782434     
   932999.999854575        2.61948302051961     
   933999.999854342        11.6667684048476     
   934999.999854109        5.42479663481643     
   935999.999853877        22.1291613121223     
   936999.999853644        12.8237747978299     
   937999.999853411        28.1549341923010     
   938999.999853178        2.72912280280462     
   939999.999852945        8.59352180773413     
   940999.999852712        16.6080660280447     
   941999.999852480        38.4700320790350     
   942999.999852247       0.868453267623790     
   943999.999852014        4.19456761031080     
   944999.999851781        5.90681769304151     
   945999.999851548        22.2602230152986     
   946999.999851315        34.2785460372933     
   947999.999851083        9.58731187776910     
   948999.999850850       0.175597742266931     
   949999.999850617        31.1289131756509     
   950999.999850384       0.833779800581620     
   951999.999850151        14.2939090571068     
   952999.999849918        10.5723935650116     
   953999.999849686        4.43363117486148     
   954999.999849453        2.27837925117943     
   955999.999849220        27.0320601169957     
   956999.999848987        7.98195704639873     
   957999.999848754        24.6111406337097     
   958999.999848521        4.91468893491325     
   959999.999848289       0.701034699137457     
   960999.999848056        6.03877300598490     
   961999.999847823        8.68359361066804     
   962999.999847590        4.30478165743985     
   963999.999847357        16.1472001485386     
   964999.999847124        1.71629835800706     
   965999.999846892        2.07238334658001     
   966999.999846659        4.37945092779507     
   967999.999846426        2.07545589291192     
   968999.999846193        7.95239778798006     
   969999.999845960        2.22689675858046     
   970999.999845727        1.33137043289468     
   971999.999845495        3.03509947698582     
   972999.999845262        16.7321462689438     
   973999.999845029        1.70963315126615     
   974999.999844796        34.9607810223316     
   975999.999844563        1.54650116480974     
   976999.999844330        5.98836397334437     
   977999.999844098        2.07365043293938     
   978999.999843865        7.33303933793976     
   979999.999843632        7.13785811871927     
   980999.999843399        5.28173223590286     
   981999.999843166        35.2131582060069     
   982999.999842933        6.37378997628022     
   983999.999842701        1.58910569376360     
   984999.999842468        14.5558481587323     
   985999.999842235        32.8399468802965     
   986999.999842002        9.57020845859672     
   987999.999841769        5.73440959892473     
   988999.999841537       0.105029375454020     
   989999.999841304        3.25647172384392     
   990999.999841071        25.1059745896631     
   991999.999840838       0.771911956467631     
   992999.999840605        3.44428851855479     
   993999.999840372        11.5972049951433     
   994999.999840140       0.295444175435290     
   995999.999839907        9.42717805853519     
   996999.999839674       0.765882624260119     
   997999.999839441        7.71460717166963     
   998999.999839208        6.23254772620139     
   999999.999838975        3.25908668187439     
   1000999.99983874        43.4779934062960     
   1001999.99983851        19.4662116936629     
   1002999.99983828        18.5520569380078     
   1003999.99983804        7.82065931098529     
   1004999.99983781        9.57740615762256     
   1005999.99983758        14.2869238347172     
   1006999.99983735        3.62361665599919     
   1007999.99983711        4.26889338466849     
   1008999.99983688        13.7876225483513     
   1009999.99983665        14.7320743487633     
   1010999.99983641        2.62107611194248     
   1011999.99983618        8.01692636171663     
   1012999.99983595        21.9260385246129     
   1013999.99983572        9.60167914861307     
   1014999.99983548        15.7521351822877     
   1015999.99983525        8.56855241649487     
   1016999.99983502        28.5658817584472     
   1017999.99983478        11.0330691244546     
   1018999.99983455        4.46311060323687     
   1019999.99983432        5.30422703426405     
   1020999.99983409        6.39590900019088     
   1021999.99983385        18.1748012983596     
   1022999.99983362        3.36632010474442     
   1023999.99983339        14.1007296640041     
   1024999.99983315       0.856186284863298     
   1025999.99983292        5.03123399180871     
   1026999.99983269        5.59879356775274     
   1027999.99983246        4.05136155092147     
   1028999.99983222        4.27215350698349     
   1029999.99983199        15.1301088221093     
   1030999.99983176        11.8874722846514     
   1031999.99983152        13.3394978425312     
   1032999.99983129        3.78603424280983     
   1033999.99983106        10.8016454231170     
   1034999.99983083        24.6883912442603     
   1035999.99983059        4.86575173810893     
   1036999.99983036        5.53981596750124     
   1037999.99983013        2.32779990256373     
   1038999.99982989        1.22482126948318     
   1039999.99982966        3.21582110419553     
   1040999.99982943        7.69978227110964     
   1041999.99982920        7.09005959152381     
   1042999.99982896        1.49160823266392     
   1043999.99982873       2.731975775294143E-002
   1044999.99982850        4.33287154228816     
   1045999.99982827        37.8400573051324     
   1046999.99982803       0.693064825129963     
   1047999.99982780        6.35392245774705     
   1048999.99982806        14.0711394353173     
   1049999.99982899        16.1105016907930     
   1050999.99982992        9.90333862802815     
   1051999.99983085        3.26011795589270     
   1052999.99983179        4.48206299956109     
   1053999.99983272        13.3044678194119     
   1054999.99983365        4.07180107981677     
   1055999.99983458        9.76965345213903     
   1056999.99983551       0.546778025549423     
   1057999.99983644        2.12476049495127     
   1058999.99983737        4.27033302420740     
   1059999.99983830        5.08609926461621     
   1060999.99983924        1.38440209943362     
   1061999.99984017        9.55267195568306     
   1062999.99984110        2.29944715154326     
   1063999.99984203        16.8616561846454     
   1064999.99984296        24.6375210635865     
   1065999.99984389        11.4475923564582     
   1066999.99984482        8.23393872459438     
   1067999.99984576        25.7661972808500     
   1068999.99984669       0.578627403982796     
   1069999.99984762        3.82491711180322     
   1070999.99984855        1.15310590260150     
   1071999.99984948        23.7173163660181     
   1072999.99985041        7.56493569709287     
   1073999.99985134        6.68299685493583     
   1074999.99985227        8.99684588513371     
   1075999.99985321       0.644600240486361     
   1076999.99985414        13.8531612470141     
   1077999.99985507        21.9278605646873     
   1078999.99985600        5.31904847312517     
   1079999.99985693        7.52694076650161     
   1080999.99985786        39.9524431166621     
   1081999.99985879        3.84818506826368     
   1082999.99985973        2.29489786101200     
   1083999.99986066        12.5369325511508     
   1084999.99986159        1.35971519327898     
   1085999.99986252        6.58110427806202     
   1086999.99986345        11.3055338454850     
   1087999.99986438        3.95159153252480     
   1088999.99986531       0.972330042783010     
   1089999.99986624        5.10931837654871     
   1090999.99986718        13.2129624960765     
   1091999.99986811        7.91906838618021     
   1092999.99986904        4.06330022066569     
   1093999.99986997        10.9958516275119     
   1094999.99987090        17.5784645171328     
   1095999.99987183        15.6250660329466     
   1096999.99987276        5.35584026323573     
   1097999.99987369        2.98340420923314     
   1098999.99987463        1.42815904045265     
   1099999.99987556        6.31805513000289     
   1100999.99987649        11.0555710971970     
   1101999.99987742        10.2721594003014     
   1102999.99987835       0.188141162183480     
   1103999.99987928        5.59470856937641     
   1104999.99988021       0.203040223123427     
   1105999.99988115        6.93325600114485     
   1106999.99988208        18.4814999212803     
   1107999.99988301        1.90163694966874     
   1108999.99988394        18.3702404693958     
   1109999.99988487        1.68594142626767     
   1110999.99988580        5.32272076051284     
   1111999.99988673        1.75103008270098     
   1112999.99988766        17.7773565480186     
   1113999.99988860        1.62544276192271     
   1114999.99988953        45.0326080588036     
   1115999.99989046        12.1334222179806     
   1116999.99989139        24.6830088131831     
   1117999.99989232        14.6182410539386     
   1118999.99989325        10.6593070149350     
   1119999.99989418        11.8859099164161     
   1120999.99989512        13.5537415121192     
   1121999.99989605        11.4141086949858     
   1122999.99989698        9.43358153602383     
   1123999.99989791        3.30356683518170     
   1124999.99989884        5.59063147182478     
   1125999.99989977        24.5105136737121     
   1126999.99990070        4.28590869183062     
   1127999.99990163        17.9579889547428     
   1128999.99990257        4.96069155480565     
   1129999.99990350        8.45611921096036     
   1130999.99990443        29.6245977108629     
   1131999.99990536        26.6717206961400     
   1132999.99990629       0.488509604811788     
   1133999.99990722        57.4940322089792     
   1134999.99990815        47.5083035897608     
   1135999.99990909        4.81517653697782     
   1136999.99991002       8.819303463681141E-002
   1137999.99991095        7.64665638259888     
   1138999.99991188        9.23609637927679     
   1139999.99991281        32.1924362569224     
   1140999.99991374        16.1620212840026     
   1141999.99991467        11.5866479166182     
   1142999.99991560        12.2831208114218     
   1143999.99991654        11.7533938552609     
   1144999.99991747        10.0001487564779     
   1145999.99991840        1.94186523846892     
   1146999.99991933        11.9450111343059     
   1147999.99992026        3.96612689660942     
   1148999.99992119        7.42034641428513     
   1149999.99992212        4.51289372594896     
   1150999.99992306        26.7477513834271     
   1151999.99992399        8.08048145729266     
   1152999.99992492        1.77758080836265     
   1153999.99992585        1.68505874394104     
   1154999.99992678        1.82106477119972     
   1155999.99992771        11.7117366152249     
   1156999.99992864        2.75668026992314     
   1157999.99992957        21.3258029118250     
   1158999.99993051        9.28461379645925     
   1159999.99993144        2.03846997371836     
   1160999.99993237        4.14977695235756     
   1161999.99993330        3.30410785711996     
   1162999.99993423        6.54067879361571     
   1163999.99993516        26.5401239371787     
   1164999.99993609        12.4863803874111     
   1165999.99993702        6.12364818773753     
   1166999.99993796        2.05571708500752     
   1167999.99993889        2.65132090475949     
   1168999.99993982        1.12453728345015     
   1169999.99994075        6.36966686005845     
   1170999.99994168        7.84647003406920     
   1171999.99994261        1.60800445258522     
   1172999.99994354        13.4147892689548     
   1173999.99994448        7.12071134680633     
   1174999.99994541       0.769023990773283     
   1175999.99994634        1.61515896759953     
   1176999.99994727        9.50744813632647     
   1177999.99994820        12.6634099637453     
   1178999.99994913        24.3104261543519     
   1179999.99995006        7.88537252061092     
   1180999.99995099       0.144425635590689     
   1181999.99995193        7.62373011329635     
   1182999.99995286        2.15438915012868     
   1183999.99995379        4.23918660139447     
   1184999.99995472        10.0662154628896     
   1185999.99995565        2.43276284587119     
   1186999.99995658        18.1415957504669     
   1187999.99995751        14.0852483129184     
   1188999.99995845        11.2591651630511     
   1189999.99995938        2.52420279937177     
   1190999.99996031       4.623238695523542E-002
   1191999.99996124        4.26031367531352     
   1192999.99996217        5.58450517082015     
   1193999.99996310        26.9749815912220     
   1194999.99996403        6.20949991253970     
   1195999.99996496        2.58220193629015     
   1196999.99996590       0.567420407159672     
   1197999.99996683        2.94172612989603     
   1198999.99996776        5.68311822854047     
   1199999.99996869        9.71021912300884     
   1200999.99996962        5.14313186196589     
   1201999.99997055        5.69530970533267     
   1202999.99997148       0.104313235922400     
   1203999.99997242        6.79421843383915     
   1204999.99997335        9.72269151964546     
   1205999.99997428        20.7284561007142     
   1206999.99997521        6.95151259094286     
   1207999.99997614        5.80799300987573     
   1208999.99997707        7.03729786355617     
   1209999.99997800        23.0555729129363     
   1210999.99997893        16.7120270861002     
   1211999.99997987        15.7132206505060     
   1212999.99998080        2.78075753635589     
   1213999.99998173        11.1934313770556     
   1214999.99998266       0.931151448899413     
   1215999.99998359        26.8304180975372     
   1216999.99998452        22.5052306529379     
   1217999.99998545        8.10773077130448     
   1218999.99998638        8.52686326914367     
   1219999.99998732        9.08950977402620     
   1220999.99998825       0.166480178696721     
   1221999.99998918        31.0211457208058     
   1222999.99999011        2.34333885106089     
   1223999.99999104        4.89061917204135     
   1224999.99999197        10.0046131509866     
   1225999.99999290        15.8758040635706     
   1226999.99999384        12.3489876418794     
   1227999.99999477        31.1191543050314     
   1228999.99999570        5.71750568147696     
   1229999.99999663        6.62384059987769     
   1230999.99999756        10.5963424007085     
   1231999.99999849        18.7220804130342     
   1232999.99999942        2.94255765354690     
   1234000.00000035        5.75813300856778     
   1235000.00000129        1.48489766233084     
   1236000.00000222        1.59549822525698     
   1237000.00000315        11.1086914110755     
   1238000.00000408        4.05999897699647     
   1239000.00000501        12.7389984300415     
   1240000.00000594        20.2851488141895     
   1241000.00000687        6.85074811282115     
   1242000.00000781        7.80556625720436     
   1243000.00000874        10.5861543780807     
   1244000.00000967        2.09192131653555     
   1245000.00001060        64.3487475513081     
   1246000.00001153        16.3592505578454     
   1247000.00001246        11.5327309592424     
   1248000.00001339        33.5935550082128     
   1249000.00001432        3.34640753314947     
   1250000.00001526       0.996468453858901     
   1251000.00001619        17.4958206834918     
   1252000.00001712        35.6654180932550     
   1253000.00001805        13.6902130172122     
   1254000.00001898        9.86475378038186     
   1255000.00001991        8.28978980562082     
   1256000.00002084       0.151832796543293     
   1257000.00002178       0.284257605333126     
   1258000.00002271       5.206359650659043E-003
   1259000.00002364        20.7789804771911     
   1260000.00002457        7.62151556444684     
   1261000.00002550        36.2025104243847     
   1262000.00002643        7.60266657369996     
   1263000.00002736        12.5369055639072     
   1264000.00002829        10.9666613554678     
   1265000.00002923        17.6025824314378     
   1266000.00003016        2.13115865488031     
   1267000.00003109        3.12003124443062     
   1268000.00003202        8.65508925572959     
   1269000.00003295        3.64123966491922     
   1270000.00003388        2.51410339311488     
   1271000.00003481        2.40941567715584     
   1272000.00003575        5.51282384647795     
   1273000.00003668        5.14644779434060     
   1274000.00003761        12.3200418466682     
   1275000.00003854        3.15738185062070     
   1276000.00003947        8.11650831118281     
   1277000.00004040        1.95252926580384     
   1278000.00004133        9.56370479186258     
   1279000.00004226        17.5008560794904     
   1280000.00004320        2.19699582915505     
   1281000.00004413        8.07065013389237     
   1282000.00004506        5.05729409122724     
   1283000.00004599        16.4163299205310     
   1284000.00004692        5.80709179302132     
   1285000.00004785        7.31837343489268     
   1286000.00004878        18.1156287275463     
   1287000.00004971        6.04469854399401     
   1288000.00005065        1.94957756023305     
   1289000.00005158        4.10417381399888     
   1290000.00005251        2.24321320578042     
   1291000.00005344        18.6702630280335     
   1292000.00005437       0.634570421985265     
   1293000.00005530        18.9325692866429     
   1294000.00005623        8.22797651145541     
   1295000.00005717        19.7793813856428     
   1296000.00005810        1.98276001964024     
   1297000.00005903        7.53080157725540     
   1298000.00005996        1.53731910337587     
   1299000.00006089        12.5961927808353     
   1300000.00006182        2.08292175340277     
   1301000.00006275        3.43603218516112     
   1302000.00006368        16.9590605898711     
   1303000.00006462        4.43319516421776     
   1304000.00006555        20.9661153768864     
   1305000.00006648        12.0420925257846     
   1306000.00006741        14.1115324097207     
   1307000.00006834        45.2631107291219     
   1308000.00006927        11.1500863216586     
   1309000.00007020        10.9595270588624     
   1310000.00007114        11.4028882809474     
   1311000.00007207        3.84008527050889     
   1312000.00007300        4.16355842171248     
   1313000.00007393        12.6034493488224     
   1314000.00007486        18.6822467544843     
   1315000.00007579        7.94346922018902     
   1316000.00007672        1.69742620435829     
   1317000.00007765        14.1441151314795     
   1318000.00007859        15.9589005794156     
   1319000.00007952       0.729365189346133     
   1320000.00008045        1.39575761623461     
   1321000.00008138        17.4581208138136     
   1322000.00008231        6.17689307382767     
   1323000.00008324        11.6850594003515     
   1324000.00008417       0.434376478582510     
   1325000.00008511        12.5385696871784     
   1326000.00008604        10.3827235449739     
   1327000.00008697        5.48276198984090     
   1328000.00008790        8.96189284190942     
   1329000.00008883        12.5820293992284     
   1330000.00008976        7.92523614937847     
   1331000.00009069       0.539929982447759     
   1332000.00009162        4.86365098340935     
   1333000.00009256        5.51026427031514     
   1334000.00009349       0.340901372498939     
   1335000.00009442        11.6489818825600     
   1336000.00009535        8.45989005359317     
   1337000.00009628        4.38756451853466     
   1338000.00009721        11.9694684258843     
   1339000.00009814        2.60784770225409     
   1340000.00009908        4.32528087506446     
   1341000.00010001        4.85436892204234     
   1342000.00010094        11.6098314597518     
   1343000.00010187        17.5260803908612     
   1344000.00010280        4.20959551712565     
   1345000.00010373       0.392623953383200     
   1346000.00010466        12.0130355737098     
   1347000.00010559        25.5528378761706     
   1348000.00010653        3.43762222800728     
   1349000.00010746        5.86658018655360     
   1350000.00010839        7.09967585186392     
   1351000.00010932        11.5795261521812     
   1352000.00011025        1.58174299751312     
   1353000.00011118        2.38640879575250     
   1354000.00011211        4.74483348048162     
   1355000.00011304        9.60406267983501     
   1356000.00011398        3.00693729950246     
   1357000.00011491        10.5160311038493     
   1358000.00011584       0.697552892696619     
   1359000.00011677        21.9492586734523     
   1360000.00011770        1.68975620355816     
   1361000.00011863        9.00936133789642     
   1362000.00011956       0.488528554509163     
   1363000.00012050        11.9576622753379     
   1364000.00012143        2.69067511716303     
   1365000.00012236        4.29349648139002     
   1366000.00012329        38.9248955040746     
   1367000.00012422        5.63133442440188     
   1368000.00012515        5.31006622093864     
   1369000.00012608        9.42301393199176     
   1370000.00012701        5.53009591810382     
   1371000.00012795        29.4906987390862     
   1372000.00012888        5.20389361494122     
   1373000.00012981        12.4386117322293     
   1374000.00013074        13.5318695071422     
   1375000.00013167        1.44423382694833     
   1376000.00013260        11.3815401054840     
   1377000.00013353        7.20493508735854     
   1378000.00013447       0.131962989276859     
   1379000.00013540        1.59964755069358     
   1380000.00013633        7.38043324429326     
   1381000.00013726        16.9669395168384     
   1382000.00013819        2.51413461075996     
   1383000.00013912       4.604798164835809E-002
   1384000.00014005        20.0623874373254     
   1385000.00014098        2.41010046630796     
   1386000.00014192        18.6747054130282     
   1387000.00014285        7.10781140138683     
   1388000.00014378       0.130184106917059     
   1389000.00014471        7.05442139165220     
   1390000.00014564        1.86173720107384     
   1391000.00014657        13.3501854070380     
   1392000.00014750        21.0557186375779     
   1393000.00014844        13.2759516885293     
   1394000.00014937        16.2104716608016     
   1395000.00015030        1.37249473037213     
   1396000.00015123        2.60594853674246     
   1397000.00015216        3.73089355618021     
   1398000.00015309        6.00445560077849     
   1399000.00015402        9.41991402258911     
   1400000.00015495       0.675181512821604     
   1401000.00015589        16.4738873841635     
   1402000.00015682        29.0761004216088     
   1403000.00015775        1.19891226982413     
   1404000.00015868        3.57825806266645     
   1405000.00015961        9.36276194629180     
   1406000.00016054       0.733030438394280     
   1407000.00016147        4.81636282629400     
   1408000.00016240        1.10733835817276     
   1409000.00016334       2.028160949594049E-002
   1410000.00016427       3.714706356100547E-004
   1411000.00016520       0.881528522619460     
   1412000.00016613        11.8191534035444     
   1413000.00016706        16.5887538828326     
   1414000.00016799        18.6885991342129     
   1415000.00016892        3.56994906130717     
   1416000.00016986        20.3813390866363     
   1417000.00017079        11.8307679972649     
   1418000.00017172        2.57110795312784     
   1419000.00017265        35.9381011618428     
   1420000.00017358        2.13577630286427     
   1421000.00017451        37.8434674129993     
   1422000.00017544        30.7878045967104     
   1423000.00017637        3.91369503135253     
   1424000.00017731        3.67245640186811     
   1425000.00017824        3.15227017113542     
   1426000.00017917        8.51123274052116     
   1427000.00018010        11.1072284833247     
   1428000.00018103        6.20979811177482     
   1429000.00018196        16.4868767163176     
   1430000.00018289        4.58244112695691     
   1431000.00018383        24.3831357921328     
   1432000.00018476        7.14011144675672     
   1433000.00018569        18.4943837736659     
   1434000.00018662       0.338736454668206     
   1435000.00018755        11.5678925832715     
   1436000.00018848        4.46069265297280     
   1437000.00018941        47.2124553686004     
   1438000.00019034        36.3040781403170     
   1439000.00019128        4.61758307096231     
   1440000.00019221        9.02062621472413     
   1441000.00019314        10.2853213520266     
   1442000.00019407        8.13184781595498     
   1443000.00019500        3.42664875134658     
   1444000.00019593        1.57332603138729     
   1445000.00019686        9.81854916335102     
   1446000.00019780        13.2758164604813     
   1447000.00019873        6.69144226868480     
   1448000.00019966        19.1314098016061     
   1449000.00020059        13.1764528835020     
   1450000.00020152        8.36329798898870     
   1451000.00020245        3.39927714662829     
   1452000.00020338        8.07924620461811     
   1453000.00020431        4.57962998489001     
   1454000.00020525        14.4965851069997     
   1455000.00020618        6.20629325811819     
   1456000.00020711        5.59868336842785     
   1457000.00020804        10.9748284772264     
   1458000.00020897        3.18335430704366     
   1459000.00020990        2.31228617091804     
   1460000.00021083        4.63474198295220     
   1461000.00021177        4.16200189218363     
   1462000.00021270        24.9841242660770     
   1463000.00021363       0.457600198008832     
   1464000.00021456        13.7911646061207     
   1465000.00021549        36.1458125698948     
   1466000.00021642        9.58438202224280     
   1467000.00021735        6.35177806271908     
   1468000.00021828        2.14442666577888     
   1469000.00021922        11.2980247501114     
   1470000.00022015        4.01921459208014     
   1471000.00022108        12.7313564833405     
   1472000.00022201        1.66992276634221     
   1473000.00022294        18.4659546362162     
   1474000.00022387        4.36965371686361     
   1475000.00022480        6.09115478569514     
   1476000.00022573        6.00584793846899     
   1477000.00022667        5.55102152272865     
   1478000.00022760        7.23315775436700     
   1479000.00022853       0.132479905454263     
   1480000.00022946        15.6700692342211     
   1481000.00023039        6.42822470606578     
   1482000.00023132       0.864595192874755     
   1483000.00023225        6.00716729080764     
   1484000.00023319        11.8997045647213     
   1485000.00023412        24.7329347036054     
   1486000.00023505        5.62317235951898     
   1487000.00023598        3.22943006866990     
   1488000.00023691        1.24748510849680     
   1489000.00023784        53.1648843085366     
   1490000.00023877        3.58095724449478     
   1491000.00023970        2.36477096815808     
   1492000.00024064        4.43517416419253     
   1493000.00024157        16.0117411243900     
   1494000.00024250       0.805016586992012     
   1495000.00024343        3.44686787986364     
   1496000.00024436        6.55994046340852     
   1497000.00024529        2.64581448918270     
   1498000.00024622        11.3161929948153     
   1499000.00024716        10.9154994471908     
   1500000.00024809        7.62156127363210     
   1501000.00024902        18.7144129892648     
   1502000.00024995        7.70507729978004     
   1503000.00025088        11.8364346358883     
   1504000.00025181        23.1139896678955     
   1505000.00025274        5.45807645406950     
   1506000.00025367        11.1677250397905     
   1507000.00025461       0.204544019037523     
   1508000.00025554        1.84251174145671     
   1509000.00025647       0.220569334207243     
   1510000.00025740        2.20304400075792     
   1511000.00025833        9.08306427140931     
   1512000.00025926        23.5163932606161     
   1513000.00026019        1.49614559441195     
   1514000.00026113        3.74889375014196     
   1515000.00026206        1.88009717328210     
   1516000.00026299        18.8192487058012     
   1517000.00026392        8.34514791979904     
   1518000.00026485        2.93341930002815     
   1519000.00026578        7.04598542026633     
   1520000.00026671        1.76720075184739     
   1521000.00026764        3.80336032433015     
   1522000.00026858        22.1254980849856     
   1523000.00026951        2.15398200766215     
   1524000.00027044        12.0396905296063     
   1525000.00027137       0.513360191743608     
   1526000.00027230        19.2136323328614     
   1527000.00027323        1.56509393159628     
   1528000.00027416       0.162908433450736     
   1529000.00027509        41.0996859503307     
   1530000.00027603        8.04897557083886     
   1531000.00027696        4.56219390171631     
   1532000.00027789        3.25070419428701     
   1533000.00027882        49.4607409222369     
   1534000.00027975        10.1756861076170     
   1535000.00028068        6.68554239946650     
   1536000.00028161        1.51650491692297     
   1537000.00028255        9.64725888641908     
   1538000.00028348        2.42406778994188     
   1539000.00028441        13.8798291697581     
   1540000.00028534        2.31706897847443     
   1541000.00028627        1.93632291675858     
   1542000.00028720        3.73988368525642     
   1543000.00028813        2.66782120210271     
   1544000.00028906        21.1808901924421     
   1545000.00029000        3.23050871101443     
   1546000.00029093        3.61044127725251     
   1547000.00029186        6.26192813609575     
   1548000.00029279        3.62982841110454     
   1549000.00029372       0.626438128173125     
   1550000.00029465        2.32570203880857     
   1551000.00029558        2.58755665944657     
   1552000.00029652        15.1067414410572     
   1553000.00029745        1.41708950964419     
   1554000.00029838        3.76175866515442     
   1555000.00029931        5.37541106960978     
   1556000.00030024        27.8725235050794     
   1557000.00030117        10.4536664396069     
   1558000.00030210        5.34026978554057     
   1559000.00030303        25.2160882737568     
   1560000.00030397        6.15997977186102     
   1561000.00030490        13.2813555192058     
   1562000.00030583        22.5268827924031     
   1563000.00030676        3.42392710166544     
   1564000.00030769       6.271141237546844E-002
   1565000.00030862        6.32245719669854     
   1566000.00030955        7.75981844127532     
   1567000.00031049        5.08174989435925     
   1568000.00031142        29.0661518291302     
   1569000.00031235        3.60755327014677     
   1570000.00031328        6.73499208231185     
   1571000.00031421        2.91333785081366     
   1572000.00031514        7.15391235397276     
   1573000.00031607       0.709680392070195     
   1574000.00031700        3.98349195741165     
   1575000.00031794        3.39146613468696     
   1576000.00031887        12.7949662450155     
   1577000.00031980        9.81679493590825     
   1578000.00032073        23.7609776232510     
   1579000.00032166        2.45834971380983     
   1580000.00032259        1.02686465708676     
   1581000.00032352        6.63813531855397     
   1582000.00032446        1.94188984509132     
   1583000.00032539        28.0157588238076     
   1584000.00032632        3.61532479539575     
   1585000.00032725        1.77327064850084     
   1586000.00032818        17.5485809354434     
   1587000.00032911        7.06101894094435     
   1588000.00033004        7.20822255199908     
   1589000.00033097        11.9873093101537     
   1590000.00033191        1.64855790390364     
   1591000.00033284        12.3397803588741     
   1592000.00033377       0.226010961019483     
   1593000.00033470        10.9976347691513     
   1594000.00033563        14.5765237034829     
   1595000.00033656       0.609135044294166     
   1596000.00033749        23.6500210145221     
   1597000.00033842        16.2012594321284     
   1598000.00033936       0.754029613616161     
   1599000.00034029        6.78141176614628     
   1600000.00034122        19.1389064508800     
   1601000.00034215        10.9885831623716     
   1602000.00034308        30.5814852751121     
   1603000.00034401       0.560119440980225     
   1604000.00034494        4.67951647569325     
   1605000.00034588        23.6734393054342     
   1606000.00034681        3.65201394631419     
   1607000.00034774        18.0728424545095     
   1608000.00034867        14.1578200522343     
   1609000.00034960       0.860943731969090     
   1610000.00035053        9.27217693016675     
   1611000.00035146        7.42162936356230     
   1612000.00035239        12.4282221263959     
   1613000.00035333        8.39828857199667     
   1614000.00035426        12.3852022973105     
   1615000.00035519        7.32682300395656     
   1616000.00035612        9.38075279485894     
   1617000.00035705        59.8371277094261     
   1618000.00035798        23.5349994246461     
   1619000.00035891        4.41559180388354     
   1620000.00035985       0.526547009147930     
   1621000.00036078        20.3354991580138     
   1622000.00036171        26.5703890387090     
   1623000.00036264        11.1365017473148     
   1624000.00036357        1.95460221774053     
   1625000.00036450        7.18317454001641     
   1626000.00036543        3.58567051524688     
   1627000.00036636        7.00763373523903     
   1628000.00036730        1.50645393737765     
   1629000.00036823        1.26609393812503     
   1630000.00036916       0.172981615207097     
   1631000.00037009        6.94953055228880     
   1632000.00037102        2.71103018265449     
   1633000.00037195        7.05732184006307     
   1634000.00037288        7.61787778339637     
   1635000.00037382        16.3266072437502     
   1636000.00037475        10.3206047078193     
   1637000.00037568       0.707268333618754     
   1638000.00037661        28.9837011512975     
   1639000.00037754        5.52763333450106     
   1640000.00037847        30.8261223753150     
   1641000.00037940        40.9312911677095     
   1642000.00038033        3.72853470881725     
   1643000.00038127        29.6634688938509     
   1644000.00038220        32.4923670003260     
   1645000.00038313        7.97028590045340     
   1646000.00038406        10.5064600537902     
   1647000.00038499        6.82726373168873     
   1648000.00038592        19.3800518948406     
   1649000.00038685        20.8787571355971     
   1650000.00038779        2.49861531929473     
   1651000.00038872        11.7318874322945     
   1652000.00038965        6.54646240254145     
   1653000.00039058        21.4902934489424     
   1654000.00039151        13.9697834391303     
   1655000.00039244        3.42474225526784     
   1656000.00039337        4.41847821978733     
   1657000.00039430        8.86431714512516     
   1658000.00039524        1.55565685741959     
   1659000.00039617        4.68854448217139     
   1660000.00039710        21.3351304310948     
   1661000.00039803        14.7471250330381     
   1662000.00039896        20.8503466347226     
   1663000.00039989       0.999318307313357     
   1664000.00040082        1.57907377940495     
   1665000.00040175        19.5465783700802     
   1666000.00040269        2.34754798024280     
   1667000.00040362        2.51450929986792     
   1668000.00040455        2.47852089935064     
   1669000.00040548        1.79551901279651     
   1670000.00040641        25.3345507959929     
   1671000.00040734        6.60052001437680     
   1672000.00040827        13.0706472244066     
   1673000.00040921        20.1490484305430     
   1674000.00041014        7.29450399752031     
   1675000.00041107        6.39773793682783     
   1676000.00041200        18.4556439581765     
   1677000.00041293        14.1921403023856     
   1678000.00041386        5.78972900079366     
   1679000.00041479        12.1189035264362     
   1680000.00041572        3.96066875951891     
   1681000.00041666        3.45950518823522     
   1682000.00041759       0.844890002349289     
   1683000.00041852        5.61580728628296     
   1684000.00041945        10.3112724724711     
   1685000.00042038        19.5545983303457     
   1686000.00042131        12.1072003347543     
   1687000.00042224        5.79126191854862     
   1688000.00042318       0.836560021140091     
   1689000.00042411        8.96004252241957     
   1690000.00042504        55.4429677403294     
   1691000.00042597        4.96862644177461     
   1692000.00042690        7.07348464934281     
   1693000.00042783        1.14721374826377     
   1694000.00042876        2.76036773686872     
   1695000.00042969        14.5256954009122     
   1696000.00043063        6.05686266678585     
   1697000.00043156       0.904701501023379     
   1698000.00043249        3.45940209169510     
   1699000.00043342        3.33315755556554     
   1700000.00043435        1.18400010301577     
   1701000.00043528        12.7659597462738     
   1702000.00043621        5.77174532843322     
   1703000.00043715        4.39333400159339     
   1704000.00043808        8.68941269936714     
   1705000.00043901        11.1815561231069     
   1706000.00043994        37.7728590933825     
   1707000.00044087        7.99648626299937     
   1708000.00044180        7.54370868873548     
   1709000.00044273        2.08228287389292     
   1710000.00044366        36.5604799761243     
   1711000.00044460        10.3963293439931     
   1712000.00044553        5.59786570733959     
   1713000.00044646        7.85989141631024     
   1714000.00044739        3.80481757155404     
   1715000.00044832        3.91497102596129     
   1716000.00044925        6.77800470125176     
   1717000.00045018        19.3445583169429     
   1718000.00045111       0.493082351128854     
   1719000.00045205        3.66040150197824     
   1720000.00045298        5.32397106106146     
   1721000.00045391        11.2969295365337     
   1722000.00045484       0.457293713877204     
   1723000.00045577        4.93791181562628     
   1724000.00045670        5.02191659549899     
   1725000.00045763        5.81980456365335     
   1726000.00045857        1.32794137388219     
   1727000.00045950        26.7056791232716     
   1728000.00046043        4.51460765050803     
   1729000.00046136        1.72862928620545     
   1730000.00046229       0.936893465696222     
   1731000.00046322       9.803034527660008E-002
   1732000.00046415        3.03220163925988     
   1733000.00046508       0.598425379595030     
   1734000.00046602        4.44561638333672     
   1735000.00046695        42.3645950360356     
   1736000.00046788        7.74067411202188     
   1737000.00046881        1.53818729212244     
   1738000.00046974        4.76543701272073     
   1739000.00047067        6.93616000418237     
   1740000.00047160        10.7305711556409     
   1741000.00047254       0.373590357950037     
   1742000.00047347       0.366008379197041     
   1743000.00047440        49.1589736726274     
   1744000.00047533        12.7746576694046     
   1745000.00047626        8.15690016580959     
   1746000.00047719       0.906140815526204     
   1747000.00047812        6.81106677408687     
   1748000.00047905       0.382102285715513     
   1749000.00047999        14.2014067020027     
   1750000.00048092        6.08725356754934     
   1751000.00048185        17.5974241739629     
   1752000.00048278        2.71216048481015     
   1753000.00048371        23.5569268922282     
   1754000.00048464        5.59666561306709     
   1755000.00048557        42.0581476704314     
   1756000.00048651        6.62714413908271     
   1757000.00048744        14.6033608554748     
   1758000.00048837        26.1457301885067     
   1759000.00048930        4.92656683619693     
   1760000.00049023        14.6193558295947     
   1761000.00049116        4.88743675201476     
   1762000.00049209        73.8182824652907     
   1763000.00049302        7.27494707283758     
   1764000.00049396        16.2016710536561     
   1765000.00049489        11.3809660440229     
   1766000.00049582       0.292890375012098     
   1767000.00049675        10.0426836624830     
   1768000.00049768        9.16441832084407     
   1769000.00049861        9.86292752060737     
   1770000.00049954        17.3108271056623     
   1771000.00050048        17.4178592777301     
   1772000.00050141        5.54183094789508     
   1773000.00050234        14.7789835445188     
   1774000.00050327        30.1529944158564     
   1775000.00050420        49.4928512101715     
   1776000.00050513        28.2948414000835     
   1777000.00050606        19.3663707572031     
   1778000.00050699        16.7832010132570     
   1779000.00050793        15.2281662636261     
   1780000.00050886        1.25064097500443     
   1781000.00050979        11.1591070024012     
   1782000.00051072        1.33431894884882     
   1783000.00051165        45.4560294725476     
   1784000.00051258        17.8955187156109     
   1785000.00051351        6.81995548441636     
   1786000.00051444        32.5482201058380     
   1787000.00051538        18.8414657805560     
   1788000.00051631        26.7979197181140     
   1789000.00051724        41.2734454887756     
   1790000.00051817        8.04905593984759     
   1791000.00051910        9.23306434427385     
   1792000.00052003        58.7646892159322     
   1793000.00052096        6.00935122594500     
   1794000.00052190       0.110065107010005     
   1795000.00052283        1.69557127995604     
   1796000.00052376        4.48101784439268     
   1797000.00052469        3.26842810962804     
   1798000.00052562        5.69625460996618     
   1799000.00052655        32.5735441807205     
   1800000.00052748        15.0847707004908     
